45322099552540637887063250848383292240023395719525774456721125317731544162868
46307635661864851253244410860251030162739492768320484250179394341826845816932
22700825141231662234912524386552072711621241599651588024969733279818953286457
22260859484320398087042683483973092290670208616400625893358704548299138216759
24070111094774854951480033585705906813155436431819860754085367911108142654518
25052486178030951537863498927206372951129106408908553753084525277235251460193
25420313508814310742557976634078688106128001578503008433911570372055433109862
24964136820049030164289018731649308752418806369493494467466007008414509851697
25418561710664145054906186789055623516852246888206702232777871822269682115681
22717031757213420455502019241226297242052212986953716483657467957316947095860
44958122154836998022801977395467991412335721383856110625174511643301583873121
25874068822383648492753719213730986053990728287578239667242017961879864239457
25423833404715552773011440210629957180195690379299595300949802252229154256996
44498439481080888508951533420443991364971882083839966001029826935771482371122
43959853347747281919507512656714613421559176772883055760405174817838396159843
45408676303312309675446270744678837173351712347072364357090046708701219599159
45774406711626938438005141689781871193248178278807734135344048531109371405879
45768740302682021008741892537059657444787191601644281744015235432910039364409
45777580334080640278891932973367711366572957391067056615934257938333328226616
24601952658439973237123959565843888721412991204087357694615464902667045987634
23617833941351937664952389417803307846273177283615733021940413076251065136695
25057759004611971270374916239135249588799662395741415362851413758825652629861
24515694579331654607837318811598412259721238135220072285511068665307827745121
21882762435661988261520408137207360538871456201431627427154770649203991722292
22717052408429723150506443469141224255451087074145562960087013857356089211234
24064797860393343658845795449373005944440747484074938304386901578100665496880
25953557394863565776986087722103330852159244048724295538563451217567848609377
45776145876408449273116784852200452450301252598848793945854498166480415515750
23156645473629631699777303701229272820665943694554183349380739751061377659235
44419219888936753313127962075945019089271052191484338430700183780790733387828
22264400134537451880655003846564593371994123129128622520390499230503931230049
25957096701276768444313921237482212894045160108187647967530226749974652216931
22252054231150633287219149630522457006738289534039790939314289610953976920421
22700785127404365712938305537548576768058528321190644989582880359582067155302
24512147140262625737759222147419494747986143229287011841617550858001843840609
23616369422916816270734255547067842791410163172629720701898998562547931756900
21810644907006278887917813236127308682592055495920868407751008649758497650017
45408331130673583640748140647371953174589802508271412593404644315607726581303
45858889614140068175153999451842643292071016277666385896150214014475178500707
25881137456360469922621039185839978760401148365656305842534088034217120641840
22796236176702637431583416515458225023375270391777950378107928565247150207589
43973960630279397706851597841467606742672544601971995770688603137591938988337
22338586979078155805944536008982047372481078383754988890805103666682685580601
23162296553296739169806027030861578473799603438903294906980685848594806486327
22796234909478938031234262984079006448938646908560980193525943837446855090485
25957091142894830181058236932353913602999243914528506287283334151897348138341
46228153888453089651570583348531971136246218951926853908485784532358722041700
46314696045191717033953372160307753011020016840969080249915979168799883027299
25870881407391042305565105508126256588770766300297860494625349744155947328102
23621345608888640419073269338879720805652749056382250341643947839370854491193
22706450226158659113584958777709312486709607140487476479015747216669569803568
24513625403508381381260456332768565259689015706296540595288951086948032854327
46235234945721183825911295551381411821270561847577794822108359360669272860002
23239713679251301231251223986747345232356069163125530657675195024673041692217
24057784468151811128495281392145894669450426693738606150131498507624636233057
44505479182003470378555402676095977841744432360215772272896025459348175401016
24144325577961621973154226841118849679931709389374340515110378681956102912305
25429135127389569968996699186975722323108854171569283885081496520051700033077
45329147367158165904061267965451719917487957803464892740025744583107242714465
43959501439456885980940056959227899449344845290204470989188954609916241785140
22336834069884478347358563788489184418532363849124725301603142612819664581222
43975445713468186912290105852550871244227710940334939149710942234002053948002
25049275490810560009980180363167340461334322695855012964022527583498477253985
45406591868373636615036872742885183613822298841322365430037653839533698331699
44504021538586286320371291430455704208849308179305484018804300077984534050870
24962361965566293255585763431834366863352587411207734981543665814759797896803
43959853460450367251350056784705070783347642818615196727526971287848497919587
25430590236276810301962749176677606170953196820324390512257116740071533853029
44959558877248292623067373775007025434475385693028674556596052543541073240629
25882931851771431845437061758681469462437066019734349082955417386468115820643
24151732333606676741336402250631037744823153626250735434129862912424116643129
25870528150788205295438668666726818378029208689298945794614376938032778731876
45857447149238346933158642607700994798606283485789565461067940862158988141620
25420307820878106234076770584407675759022071071471565672967898744165702460725
44051722735924605425097099664672923742729031052651890702570976799801565459810
46311174909847496421988434072806793666290458547013149494397646346840813102180
25955681946815764157318264474079118624632261568648466504707218252337851478113
45332327886285035340064423642205381895627166399675010303999307183524602525749
23158743550684235597468548729453384438805616046288685862577261364028524015969
22796538532503610957846013245752137616522800064098824758927833145233842975542
46316489362378006465146048717461505301812407306983123961519025994854154121570
24064817325792413329777764078967968402269480629009843858395553380978481444918
45332335952151805528828718356382581065854047236644817034741643131455227048033
22338926486088790431635487108835344393375709254240837833842600770275162546992
25957103549227122936455775481099103143119702309101439435049317349997512307257
25414716112172142742757967514505418434428128248467394319796300547888480925026
25054224047683559092362002767797049607903115997338474906326752783069049087078
25054286190483214051556282838376754196675603289750216421058427068081881166693
22259445974947702937231250338604865047434782565724279677346987438108504712038
44951055899507441139403463982578692752124986647855499411311330188346330919777
24146106120678069926464422725870072553580132983924727352314579536892128409396
25869093850346597539789437901227535393252606803136625369006285892339891646774
23160164016795240900286218421969375579982918329423121427566778622896254772581
45318228863500042960172622653162128802966366138692786880871157786290823979617
25879362462654454690757199763497194109596808105232958102745370110690913169458
24153504653644370550317111964989302523700666109916724799956046006798696932663
23621319349604879481353971005323587561561173259776618514167207918900102849121
46230244951095788542001546204882386373068993289709022279235249467898216134500
25508657102316161234167582697528756459651923594361827942125071934532598838582
